[gd_scene format=3 uid="uid://c7qbq51m2t6db"]

[node name="Dumpster" type="Node3D"]

[node name="CSGCombiner3D" type="CSGCombiner3D" parent="."]
transform = Transform3D(1, 0, 0, 0, 1, 0, 0, 0, 1, 0, 1.1, 0)
use_collision = true

[node name="CSGBox3D" type="CSGBox3D" parent="CSGCombiner3D"]
size = Vector3(3, 1.6, 2)

[node name="CSGBox3D2" type="CSGBox3D" parent="CSGCombiner3D"]
transform = Transform3D(1, 0, 0, 0, 0.996195, -0.0871557, 0, 0.0871557, 0.996195, -1.19209e-07, 0.704358, 0.000190385)
size = Vector3(3.2, 0.2, 2.2)

[node name="CSGCylinder3D" type="CSGCylinder3D" parent="CSGCombiner3D"]
transform = Transform3D(-4.37114e-08, -1, 4.37114e-08, 0, -4.37114e-08, -1, 1, -4.37114e-08, 1.91069e-15, -1.3, -0.9, 0.8)
radius = 0.1
height = 0.1

[node name="CSGCylinder3D2" type="CSGCylinder3D" parent="CSGCombiner3D"]
transform = Transform3D(-0.5, -0.866025, 3.78552e-08, 0, -4.37114e-08, -1, 0.866025, -0.5, 2.18557e-08, -1.3, -0.9, -0.7)
radius = 0.1
height = 0.1

[node name="CSGCylinder3D3" type="CSGCylinder3D" parent="CSGCombiner3D"]
transform = Transform3D(-0.5, -0.866025, 3.78552e-08, 0, -4.37114e-08, -1, 0.866025, -0.5, 2.18557e-08, 1.3, -0.9, -0.7)
radius = 0.1
height = 0.1

[node name="CSGCylinder3D4" type="CSGCylinder3D" parent="CSGCombiner3D"]
transform = Transform3D(0.707107, -0.707107, 3.09086e-08, 0, -4.37114e-08, -1, 0.707107, 0.707107, -3.09086e-08, 1.3, -0.9, 0.8)
radius = 0.1
height = 0.1
